5.080000000000000071e-01 8.980000000000000204e-01 6.959999999999999520e-01 7.990000000000000435e-01 7.750000000000000222e-01 7.028733634573050004e-01
6.179999999999999938e-01 8.830000000000000071e-01 6.670000000000000373e-01 8.589999999999999858e-01 8.100000000000000533e-01 7.504702194357366629e-01
5.080000000000000071e-01 8.760000000000000009e-01 6.530000000000000249e-01 7.950000000000000400e-01 7.600000000000000089e-01 6.919244583478160182e-01
4.390000000000000013e-01 8.659999999999999920e-01 6.169999999999999929e-01 7.580000000000000071e-01 7.249999999999999778e-01 6.525327905924920291e-01
5.310000000000000275e-01 8.679999999999999938e-01 6.540000000000000258e-01 7.970000000000000417e-01 7.600000000000000089e-01 6.994485294117647189e-01
6.440000000000000169e-01 8.649999999999999911e-01 6.670000000000000373e-01 8.529999999999999805e-01 8.000000000000000444e-01 7.546580117802621501e-01
5.859999999999999654e-01 8.169999999999999485e-01 5.669999999999999485e-01 8.289999999999999591e-01 7.500000000000000000e-01 7.015541525012142232e-01
5.150000000000000133e-01 8.359999999999999654e-01 6.069999999999999840e-01 7.780000000000000249e-01 7.299999999999999822e-01 6.754862053369515840e-01
5.560000000000000497e-01 8.830000000000000071e-01 6.860000000000000542e-01 8.120000000000000551e-01 7.800000000000000266e-01 7.193836171938361446e-01
4.630000000000000226e-01 8.080000000000000515e-01 4.719999999999999751e-01 8.030000000000000471e-01 7.149999999999999689e-01 6.355910705225773505e-01
