5.070000000000000062e-01 5.020000000000000018e-01 5.700000000000000205e-02 9.449999999999999512e-01 5.020000000000000018e-01 5.043628776023142413e-01
7.039999999999999591e-01 5.130000000000000115e-01 8.000000000000000167e-02 9.669999999999999707e-01 5.240000000000000213e-01 6.088466827903447065e-01
5.769999999999999574e-01 5.060000000000000053e-01 6.500000000000000222e-02 9.519999999999999574e-01 5.100000000000000089e-01 5.416785223123250503e-01
5.490000000000000435e-01 5.040000000000000036e-01 6.199999999999999956e-02 9.489999999999999547e-01 5.070000000000000062e-01 5.267522644283207933e-01
6.059999999999999831e-01 5.080000000000000071e-01 6.800000000000000488e-02 9.559999999999999609e-01 5.130000000000000115e-01 5.566047801963295294e-01
5.769999999999999574e-01 5.060000000000000053e-01 6.500000000000000222e-02 9.519999999999999574e-01 5.100000000000000089e-01 5.416785223123250503e-01
4.510000000000000120e-01 4.979999999999999982e-01 5.099999999999999672e-02 9.379999999999999449e-01 4.959999999999999964e-01 4.745103618343054497e-01
5.070000000000000062e-01 5.020000000000000018e-01 5.700000000000000205e-02 9.449999999999999512e-01 5.020000000000000018e-01 5.043628776023142413e-01
4.369999999999999996e-01 4.969999999999999973e-01 4.900000000000000189e-02 9.370000000000000551e-01 4.939999999999999947e-01 4.670472328923032657e-01
6.059999999999999831e-01 5.080000000000000071e-01 6.800000000000000488e-02 9.559999999999999609e-01 5.130000000000000115e-01 5.566047801963295294e-01
5.210000000000000187e-01 5.030000000000000027e-01 5.899999999999999689e-02 9.459999999999999520e-01 5.040000000000000036e-01 5.118260065443163143e-01
6.199999999999999956e-01 5.080000000000000071e-01 7.000000000000000666e-02 9.569999999999999618e-01 5.150000000000000133e-01 5.640679091383317134e-01
6.480000000000000204e-01 5.100000000000000089e-01 7.299999999999999545e-02 9.599999999999999645e-01 5.180000000000000160e-01 5.789941670223359704e-01
6.199999999999999956e-01 5.080000000000000071e-01 7.000000000000000666e-02 9.569999999999999618e-01 5.150000000000000133e-01 5.640679091383317134e-01
6.199999999999999956e-01 5.080000000000000071e-01 7.000000000000000666e-02 9.569999999999999618e-01 5.150000000000000133e-01 5.640679091383317134e-01
6.199999999999999956e-01 5.080000000000000071e-01 7.000000000000000666e-02 9.569999999999999618e-01 5.150000000000000133e-01 5.640679091383317134e-01
5.629999999999999449e-01 5.050000000000000044e-01 6.400000000000000133e-02 9.509999999999999565e-01 5.080000000000000071e-01 5.342153933703229773e-01
6.340000000000000080e-01 5.090000000000000080e-01 7.199999999999999456e-02 9.589999999999999636e-01 5.160000000000000142e-01 5.715310380803338974e-01
6.199999999999999956e-01 5.080000000000000071e-01 7.000000000000000666e-02 9.569999999999999618e-01 5.150000000000000133e-01 5.640679091383317134e-01
5.769999999999999574e-01 5.060000000000000053e-01 6.500000000000000222e-02 9.519999999999999574e-01 5.100000000000000089e-01 5.416785223123250503e-01
